# LEFT_THALAMUS RIGHT_THALAMUS LEFT_CAUDATE RIGHT_CAUDATE LEFT_PUTAMEN RIGHT_PUTAMEN LEFT_GLOBUS2 RIGHT_GLOBUS2 
1.211037635803222656e-01 1.395595967769622803e-01 1.312877386808395386e-01 1.219494938850402832e-01 1.295511573553085327e-01 1.207329332828521729e-01 1.249153688549995422e-01 1.084388494491577148e-01
7.993593066930770874e-02 8.397790789604187012e-02 7.679288834333419800e-02 7.573945820331573486e-02 9.462386369705200195e-02 8.921916037797927856e-02 7.166124880313873291e-02 8.064584434032440186e-02
1.245792731642723083e-01 1.160338148474693298e-01 1.459446847438812256e-01 1.296916902065277100e-01 1.102194935083389282e-01 1.520987302064895630e-01 1.061186939477920532e-01 2.089934647083282471e-01
7.786606997251510620e-02 8.101139217615127563e-02 8.231705427169799805e-02 8.339565992355346680e-02 8.066572993993759155e-02 8.129989355802536011e-02 7.290513813495635986e-02 7.274793088436126709e-02
1.514715701341629028e-01 1.279082894325256348e-01 2.597305774688720703e-01 2.382701039314270020e-01 1.168675869703292847e-01 1.246255710721015930e-01 1.036955043673515320e-01 1.136208251118659973e-01
1.056907102465629578e-01 1.187052205204963684e-01 1.223417297005653381e-01 1.113924235105514526e-01 9.819316118955612183e-02 9.492682665586471558e-02 1.226934939622879028e-01 9.438252449035644531e-02
1.169585138559341431e-01 1.109250485897064209e-01 1.422511190176010132e-01 1.458983272314071655e-01 1.189979687333106995e-01 1.240226402878761292e-01 9.746564924716949463e-02 9.200765192508697510e-02
1.246254369616508484e-01 1.254615932703018188e-01 2.159113138914108276e-01 1.910887807607650757e-01 1.420641392469406128e-01 1.309093385934829712e-01 1.099702939391136169e-01 1.151355803012847900e-01
6.902261078357696533e-02 7.762666791677474976e-02 6.565801799297332764e-02 7.550275325775146484e-02 7.748603075742721558e-02 7.989110052585601807e-02 8.440599590539932251e-02 7.372077554464340210e-02
1.424044072628021240e-01 1.270342171192169189e-01 1.990816444158554077e-01 1.844607889652252197e-01 1.337492913007736206e-01 1.589507907629013062e-01 1.266489326953887939e-01 1.140214428305625916e-01
6.619372218847274780e-02 6.667266041040420532e-02 8.144304901361465454e-02 7.684945315122604370e-02 7.763924449682235718e-02 7.417733967304229736e-02 6.543331593275070190e-02 6.279537826776504517e-02
1.301756054162979126e-01 1.492422521114349365e-01 2.241597920656204224e-01 2.572865784168243408e-01 1.291285008192062378e-01 1.433682292699813843e-01 1.375317722558975220e-01 1.073224544525146484e-01
8.057289570569992065e-02 7.743492722511291504e-02 8.243542164564132690e-02 8.256718516349792480e-02 8.233200758695602417e-02 7.691507786512374878e-02 8.780309557914733887e-02 6.415446102619171143e-02
1.429680734872817993e-01 1.382693648338317871e-01 2.043287903070449829e-01 1.810343861579895020e-01 1.403390318155288696e-01 1.323966383934020996e-01 1.046665161848068237e-01 1.228380724787712097e-01
1.047595739364624023e-01 1.116500124335289001e-01 1.196362376213073730e-01 1.253216415643692017e-01 1.247418969869613647e-01 1.014203876256942749e-01 9.073569625616073608e-02 8.987599611282348633e-02
7.753305882215499878e-02 8.064201474189758301e-02 8.265314996242523193e-02 7.987776398658752441e-02 8.510858565568923950e-02 7.891337573528289795e-02 8.612039685249328613e-02 9.438255429267883301e-02
6.934893876314163208e-02 7.400273531675338745e-02 7.452575117349624634e-02 8.177856355905532837e-02 6.815747916698455811e-02 7.216655462980270386e-02 7.411027699708938599e-02 7.468238472938537598e-02
6.881812214851379395e-02 7.041262090206146240e-02 6.823877245187759399e-02 7.509393990039825439e-02 6.609037518501281738e-02 6.805592775344848633e-02 6.672690808773040771e-02 7.029015570878982544e-02
1.445204168558120728e-01 1.556498557329177856e-01 2.476691305637359619e-01 2.551844120025634766e-01 1.299550235271453857e-01 1.202579587697982788e-01 1.113422736525535583e-01 9.016204625368118286e-02
6.586016714572906494e-02 7.065149396657943726e-02 7.375488430261611938e-02 7.753348350524902344e-02 8.145295828580856323e-02 8.172663301229476929e-02 8.849836885929107666e-02 6.740647554397583008e-02
6.712526828050613403e-02 6.820240616798400879e-02 6.986849755048751831e-02 7.224592566490173340e-02 8.207126706838607788e-02 7.874921709299087524e-02 7.742114365100860596e-02 8.217059820890426636e-02
6.863391399383544922e-02 7.546734809875488281e-02 7.801829278469085693e-02 8.102411031723022461e-02 9.034125506877899170e-02 8.438844978809356689e-02 7.729109376668930054e-02 8.287144452333450317e-02
1.169687658548355103e-01 1.001547425985336304e-01 1.413279026746749878e-01 1.220613569021224976e-01 1.164943650364875793e-01 1.181873977184295654e-01 1.195711866021156311e-01 8.947685360908508301e-02
1.062221974134445190e-01 1.004679054021835327e-01 1.430334150791168213e-01 1.208859160542488098e-01 9.915264695882797241e-02 1.068351715803146362e-01 9.515514224767684937e-02 9.451316297054290771e-02
7.306945323944091797e-02 7.016705721616744995e-02 8.042879402637481689e-02 8.321106433868408203e-02 8.936960250139236450e-02 8.061855286359786987e-02 8.769096434116363525e-02 8.385089784860610962e-02
6.544893234968185425e-02 7.173097878694534302e-02 8.350630849599838257e-02 7.905384153127670288e-02 7.505910843610763550e-02 7.886910438537597656e-02 7.155275344848632812e-02 6.804379820823669434e-02
7.324221730232238770e-02 7.753749191761016846e-02 8.076348155736923218e-02 7.576759159564971924e-02 8.681227266788482666e-02 8.259108662605285645e-02 8.454121649265289307e-02 8.776076883077621460e-02
1.294599622488021851e-01 1.435475945472717285e-01 2.121795862913131714e-01 2.174400091171264648e-01 1.039057299494743347e-01 9.900796413421630859e-02 9.483023732900619507e-02 9.919159114360809326e-02
6.868271529674530029e-02 7.059960067272186279e-02 6.891671568155288696e-02 7.477848231792449951e-02 6.674921512603759766e-02 6.839685887098312378e-02 6.293781846761703491e-02 6.801430135965347290e-02
6.712274998426437378e-02 7.332614809274673462e-02 8.279594033956527710e-02 8.218484371900558472e-02 7.835189998149871826e-02 7.735512405633926392e-02 8.598352968692779541e-02 7.174021005630493164e-02
7.825544476509094238e-02 7.601863145828247070e-02 8.028364181518554688e-02 8.196752518415451050e-02 9.005238115787506104e-02 8.187811821699142456e-02 8.195037394762039185e-02 8.043846487998962402e-02
1.132659316062927246e-01 1.212432160973548889e-01 1.265115439891815186e-01 1.234706863760948181e-01 1.344584375619888306e-01 1.123064458370208740e-01 9.954757988452911377e-02 1.474269628524780273e-01
7.150628417730331421e-02 7.690334320068359375e-02 5.951468646526336670e-02 6.694473326206207275e-02 7.114897668361663818e-02 7.580594718456268311e-02 7.539550960063934326e-02 8.558863401412963867e-02
7.470331341028213501e-02 7.347603887319564819e-02 7.177983224391937256e-02 7.790742814540863037e-02 8.314191550016403198e-02 8.467404544353485107e-02 8.365811407566070557e-02 6.900056451559066772e-02
6.749299168586730957e-02 7.302974909543991089e-02 6.965127587318420410e-02 7.853116840124130249e-02 7.637952268123626709e-02 8.022490143775939941e-02 7.337301224470138550e-02 7.874852418899536133e-02
1.349592357873916626e-01 1.199229955673217773e-01 1.628676354885101318e-01 1.396731436252593994e-01 1.376584470272064209e-01 1.427179425954818726e-01 1.593550145626068115e-01 1.853977143764495850e-01
6.901247054338455200e-02 6.941187381744384766e-02 7.565027475357055664e-02 7.835948467254638672e-02 7.873642444610595703e-02 8.141113072633743286e-02 7.440052181482315063e-02 8.118213713169097900e-02
1.087594479322433472e-01 1.139095425605773926e-01 1.353641450405120850e-01 1.392095237970352173e-01 1.767886877059936523e-01 1.332730501890182495e-01 1.039460301399230957e-01 1.261705011129379272e-01
1.039116084575653076e-01 1.096387729048728943e-01 1.295185685157775879e-01 1.220550835132598877e-01 1.223315894603729248e-01 1.217093765735626221e-01 1.081922799348831177e-01 1.290742903947830200e-01
1.458088159561157227e-01 1.321185231208801270e-01 2.106468826532363892e-01 2.226517796516418457e-01 1.243517547845840454e-01 1.218798756599426270e-01 1.106378808617591858e-01 1.076845228672027588e-01
1.015392467379570007e-01 1.170028522610664368e-01 1.047591790556907654e-01 1.116910949349403381e-01 1.586623340845108032e-01 1.250750422477722168e-01 1.527178287506103516e-01 1.360889971256256104e-01
1.231679245829582214e-01 1.102348566055297852e-01 1.094360649585723877e-01 1.092897877097129822e-01 1.158849000930786133e-01 1.356755942106246948e-01 1.301247924566268921e-01 1.269435286521911621e-01
7.487902790307998657e-02 7.510448992252349854e-02 7.176768779754638672e-02 6.633914262056350708e-02 7.784148305654525757e-02 7.328042387962341309e-02 6.998714059591293335e-02 6.467877328395843506e-02
1.271685361862182617e-01 1.354639828205108643e-01 2.306685894727706909e-01 2.546063661575317383e-01 1.166810691356658936e-01 1.154527887701988220e-01 1.354923099279403687e-01 1.341816484928131104e-01
1.404872983694076538e-01 1.347911953926086426e-01 1.787178963422775269e-01 1.493003815412521362e-01 1.115555688738822937e-01 1.094173267483711243e-01 9.642942994832992554e-02 9.611229598522186279e-02
6.557299941778182983e-02 6.601883471012115479e-02 6.711320579051971436e-02 7.888867706060409546e-02 7.977791130542755127e-02 8.099358528852462769e-02 7.110740989446640015e-02 7.130309939384460449e-02
1.250931322574615479e-01 1.315756738185882568e-01 1.311962455511093140e-01 1.018529161810874939e-01 8.786670118570327759e-02 1.700578927993774414e-01 1.250630766153335571e-01 1.256033629179000854e-01
6.810373812913894653e-02 7.495139539241790771e-02 6.625088304281234741e-02 7.050577551126480103e-02 8.219534158706665039e-02 7.662892341613769531e-02 7.457312941551208496e-02 7.192277908325195312e-02
7.210957258939743042e-02 7.390771061182022095e-02 7.109719514846801758e-02 7.774452865123748779e-02 7.981553673744201660e-02 7.850533723831176758e-02 7.389295846223831177e-02 7.630031555891036987e-02
1.366616934537887573e-01 1.423429548740386963e-01 2.542330324649810791e-01 2.773111164569854736e-01 1.506377458572387695e-01 1.180775314569473267e-01 1.169444099068641663e-01 1.610937416553497314e-01
1.478275805711746216e-01 1.414195001125335693e-01 3.209321200847625732e-01 2.185562551021575928e-01 1.529946774244308472e-01 1.536248177289962769e-01 1.390135884284973145e-01 1.842975467443466187e-01
6.913129985332489014e-02 6.827778369188308716e-02 7.276985794305801392e-02 6.897135078907012939e-02 9.135898202657699585e-02 7.270625233650207520e-02 7.461521029472351074e-02 6.121053174138069153e-02
6.787182390689849854e-02 6.465171277523040771e-02 5.670648068189620972e-02 5.751090869307518005e-02 7.046420872211456299e-02 7.387581467628479004e-02 9.071215242147445679e-02 7.368499785661697388e-02
6.396114081144332886e-02 6.961891055107116699e-02 7.805749773979187012e-02 8.546917885541915894e-02 7.046600431203842163e-02 7.272037863731384277e-02 7.259040325880050659e-02 6.850066035985946655e-02
1.517168581485748291e-01 1.418998837471008301e-01 2.560242414474487305e-01 2.440909445285797119e-01 1.994261443614959717e-01 1.515872925519943237e-01 1.166993454098701477e-01 1.324927657842636108e-01
6.461564451456069946e-02 7.037305831909179688e-02 6.432853639125823975e-02 6.932625174522399902e-02 7.601194828748703003e-02 6.951270997524261475e-02 8.133854717016220093e-02 6.920839101076126099e-02
1.621002703905105591e-01 1.497378647327423096e-01 2.569724917411804199e-01 2.771965563297271729e-01 1.376441717147827148e-01 1.188959777355194092e-01 1.404132992029190063e-01 1.264421492815017700e-01
6.070813909173011780e-02 6.430476903915405273e-02 6.177550554275512695e-02 7.700815051794052124e-02 7.370624691247940063e-02 6.782202422618865967e-02 7.964111864566802979e-02 6.907351315021514893e-02
1.483116149902343750e-01 1.487470269203186035e-01 2.322063297033309937e-01 2.036942839622497559e-01 1.233753785490989685e-01 1.131654158234596252e-01 1.830329298973083496e-01 1.274261176586151123e-01
7.138551026582717896e-02 7.365014404058456421e-02 6.391576677560806274e-02 7.556914538145065308e-02 7.021319121122360229e-02 6.990060955286026001e-02 7.399299740791320801e-02 6.966895610094070435e-02
