# LEFT_THALAMUS RIGHT_THALAMUS LEFT_CAUDATE RIGHT_CAUDATE LEFT_PUTAMEN RIGHT_PUTAMEN LEFT_GLOBUS2 RIGHT_GLOBUS2 
1.077568292617797852e+00 1.073579311370849609e+00 9.755640029907226562e-01 9.613903760910034180e-01 9.681624174118041992e-01 9.421302676200866699e-01 9.830550551414489746e-01 9.772860407829284668e-01
2.791078984737396240e-01 2.969937026500701904e-01 1.485571563243865967e-01 1.552454382181167603e-01 1.909265369176864624e-01 1.792489141225814819e-01 2.350066453218460083e-01 2.263147532939910889e-01
1.072875022888183594e+00 1.064536809921264648e+00 9.577349424362182617e-01 9.414646625518798828e-01 9.270024895668029785e-01 9.199582338333129883e-01 9.877660274505615234e-01 1.044111728668212891e+00
2.746430039405822754e-01 2.799135148525238037e-01 1.500166505575180054e-01 1.604870855808258057e-01 1.794891953468322754e-01 1.815077811479568481e-01 2.127562016248703003e-01 2.137778997421264648e-01
1.128546118736267090e+00 1.126603841781616211e+00 1.026033163070678711e+00 1.041673183441162109e+00 9.711188077926635742e-01 9.598760008811950684e-01 1.020703315734863281e+00 1.025073051452636719e+00
1.070228576660156250e+00 1.063073992729187012e+00 9.409309625625610352e-01 9.333342313766479492e-01 9.370550513267517090e-01 9.220021963119506836e-01 1.010027647018432617e+00 9.941490292549133301e-01
1.085193991661071777e+00 1.076334834098815918e+00 9.777485728263854980e-01 9.858641028404235840e-01 9.468548297882080078e-01 9.346050620079040527e-01 9.564480781555175781e-01 9.784491658210754395e-01
1.074705243110656738e+00 1.074425697326660156e+00 1.029547929763793945e+00 1.019941091537475586e+00 9.866393208503723145e-01 9.452258944511413574e-01 1.062407970428466797e+00 9.954608678817749023e-01
2.390657514333724976e-01 2.776345610618591309e-01 1.426451355218887329e-01 1.647194176912307739e-01 1.851402968168258667e-01 1.796769648790359497e-01 2.007984519004821777e-01 2.141984850168228149e-01
1.128827095031738281e+00 1.109765172004699707e+00 1.009140133857727051e+00 1.015494108200073242e+00 9.659567475318908691e-01 9.831987023353576660e-01 9.875959753990173340e-01 9.703082442283630371e-01
2.525451779365539551e-01 2.672597169876098633e-01 1.556913554668426514e-01 1.713210344314575195e-01 1.798892170190811157e-01 1.668732017278671265e-01 2.166462242603302002e-01 2.220925390720367432e-01
1.085187673568725586e+00 1.105724215507507324e+00 1.003727674484252930e+00 1.031295299530029297e+00 9.453606009483337402e-01 9.435966610908508301e-01 9.366955757141113281e-01 9.555088877677917480e-01
2.523986101150512695e-01 2.657137513160705566e-01 1.394748389720916748e-01 1.548667997121810913e-01 1.674125790596008301e-01 1.526432931423187256e-01 2.328041344881057739e-01 2.089523524045944214e-01
1.099268078804016113e+00 1.105781912803649902e+00 1.087088942527770996e+00 1.052551150321960449e+00 9.981225728988647461e-01 9.591581225395202637e-01 9.715533852577209473e-01 9.508432149887084961e-01
1.071732997894287109e+00 1.085721731185913086e+00 9.872676134109497070e-01 1.001736521720886230e+00 9.532151818275451660e-01 9.488039612770080566e-01 1.063035011291503906e+00 1.067684173583984375e+00
2.714174091815948486e-01 2.772775590419769287e-01 1.467881947755813599e-01 1.512612700462341309e-01 1.681004613637924194e-01 1.737544834613800049e-01 2.338996678590774536e-01 2.246236205101013184e-01
2.575804889202117920e-01 2.677421867847442627e-01 1.521817892789840698e-01 1.570122838020324707e-01 1.923601478338241577e-01 1.834014356136322021e-01 2.005244642496109009e-01 1.763945817947387695e-01
2.568641304969787598e-01 2.623983323574066162e-01 1.369738727807998657e-01 1.596661061048507690e-01 1.825817078351974487e-01 1.794551759958267212e-01 1.957623213529586792e-01 1.810979247093200684e-01
1.158300399780273438e+00 1.168433547019958496e+00 1.059126973152160645e+00 1.064534783363342285e+00 9.865948557853698730e-01 9.888606071472167969e-01 9.979507327079772949e-01 1.043947458267211914e+00
2.512526214122772217e-01 2.520403563976287842e-01 1.267572790384292603e-01 1.312743723392486572e-01 1.508853435516357422e-01 1.503394097089767456e-01 2.345372289419174194e-01 2.339769005775451660e-01
2.310079038143157959e-01 2.214615494012832642e-01 1.207064166665077209e-01 1.360042840242385864e-01 1.670004576444625854e-01 1.609435230493545532e-01 2.292095869779586792e-01 2.184317708015441895e-01
2.687145471572875977e-01 2.683616876602172852e-01 1.537126153707504272e-01 1.478582173585891724e-01 1.815328001976013184e-01 1.742673665285110474e-01 2.696496546268463135e-01 2.660950720310211182e-01
1.102569580078125000e+00 1.084753632545471191e+00 1.023047566413879395e+00 1.000512480735778809e+00 9.700130820274353027e-01 9.639045596122741699e-01 1.096471428871154785e+00 1.058557629585266113e+00
1.084865927696228027e+00 1.070529460906982422e+00 9.846614599227905273e-01 9.697206020355224609e-01 9.387082457542419434e-01 9.374923110008239746e-01 1.026326179504394531e+00 1.034229516983032227e+00
2.575097978115081787e-01 2.592462599277496338e-01 1.328643262386322021e-01 1.412389129400253296e-01 1.667509824037551880e-01 1.566948294639587402e-01 2.500987052917480469e-01 2.643526792526245117e-01
2.486657500267028809e-01 2.605066597461700439e-01 1.524191349744796753e-01 1.498411297798156738e-01 1.617367863655090332e-01 1.676824390888214111e-01 2.243364304304122925e-01 2.179289162158966064e-01
2.568670809268951416e-01 2.538682222366333008e-01 1.375039517879486084e-01 1.452204287052154541e-01 1.695768684148788452e-01 1.768160909414291382e-01 2.466363757848739624e-01 2.413997948169708252e-01
1.075552463531494141e+00 1.097251176834106445e+00 1.014872193336486816e+00 1.033709406852722168e+00 9.285796284675598145e-01 9.309083819389343262e-01 1.005716085433959961e+00 1.001338601112365723e+00
2.568022012710571289e-01 2.620439827442169189e-01 1.377502828836441040e-01 1.593452244997024536e-01 1.830752342939376831e-01 1.802374124526977539e-01 1.926423162221908569e-01 1.756188422441482544e-01
2.647866308689117432e-01 2.837584614753723145e-01 1.691245585680007935e-01 1.670251935720443726e-01 1.783962547779083252e-01 1.767115741968154907e-01 2.300216108560562134e-01 2.224714159965515137e-01
2.516326904296875000e-01 2.490109205245971680e-01 1.459590345621109009e-01 1.449530422687530518e-01 1.981706023216247559e-01 1.698826402425765991e-01 2.251229733228683472e-01 2.282845228910446167e-01
1.054738283157348633e+00 1.055610299110412598e+00 9.250873923301696777e-01 9.323908090591430664e-01 9.163355827331542969e-01 8.952528238296508789e-01 1.016923904418945312e+00 1.033940196037292480e+00
2.652480602264404297e-01 2.782435715198516846e-01 1.328692734241485596e-01 1.446670293807983398e-01 1.634576171636581421e-01 1.678309738636016846e-01 2.341364622116088867e-01 2.125372588634490967e-01
2.643627226352691650e-01 2.663965523242950439e-01 1.419226229190826416e-01 1.567679792642593384e-01 1.834119707345962524e-01 1.792113780975341797e-01 2.376321554183959961e-01 1.969040185213088989e-01
2.476291656494140625e-01 2.617346942424774170e-01 1.523443907499313354e-01 1.614608615636825562e-01 1.937979012727737427e-01 1.902231425046920776e-01 2.028349041938781738e-01 2.266922742128372192e-01
1.083067893981933594e+00 1.097667455673217773e+00 9.841349124908447266e-01 9.754260182380676270e-01 9.596416354179382324e-01 9.558138847351074219e-01 9.824920892715454102e-01 9.573088884353637695e-01
2.632848620414733887e-01 2.754821479320526123e-01 1.479399502277374268e-01 1.637117415666580200e-01 1.796216517686843872e-01 1.709725111722946167e-01 2.409897595643997192e-01 2.251884639263153076e-01
1.096300482749938965e+00 1.098713040351867676e+00 9.838451147079467773e-01 9.923545122146606445e-01 9.839659333229064941e-01 9.665885567665100098e-01 9.980391860008239746e-01 1.001574277877807617e+00
1.047571182250976562e+00 1.056311488151550293e+00 9.547176957130432129e-01 9.391091465950012207e-01 9.273378849029541016e-01 9.228504896163940430e-01 9.319653511047363281e-01 9.431816339492797852e-01
1.110634803771972656e+00 1.102545976638793945e+00 9.879103302955627441e-01 1.003520727157592773e+00 9.531147480010986328e-01 9.414870142936706543e-01 9.942717552185058594e-01 9.673493504524230957e-01
1.053050041198730469e+00 1.057550072669982910e+00 9.014967679977416992e-01 9.251612424850463867e-01 9.359710216522216797e-01 9.148218035697937012e-01 9.844213724136352539e-01 9.812375307083129883e-01
1.074447035789489746e+00 1.062135338783264160e+00 9.218623042106628418e-01 9.055112004280090332e-01 9.145402908325195312e-01 9.031895995140075684e-01 9.475224614143371582e-01 9.441088438034057617e-01
2.685461044311523438e-01 2.753036320209503174e-01 1.559336632490158081e-01 1.455288529396057129e-01 1.757951527833938599e-01 1.826768815517425537e-01 2.368636131286621094e-01 2.257839143276214600e-01
1.085891604423522949e+00 1.105418801307678223e+00 9.782488346099853516e-01 9.956161379814147949e-01 9.158812165260314941e-01 9.236333370208740234e-01 1.012763142585754395e+00 1.002764463424682617e+00
1.093478918075561523e+00 1.083342194557189941e+00 9.867406487464904785e-01 9.805794358253479004e-01 9.355827569961547852e-01 9.358142614364624023e-01 9.950890541076660156e-01 9.737390875816345215e-01
2.566218078136444092e-01 2.632934451103210449e-01 1.550429314374923706e-01 1.662859618663787842e-01 1.677476465702056885e-01 1.851133704185485840e-01 2.185648381710052490e-01 2.025399506092071533e-01
1.078265786170959473e+00 1.077088475227355957e+00 9.508447647094726562e-01 9.167767167091369629e-01 9.255060553550720215e-01 9.342876076698303223e-01 9.558514356613159180e-01 9.386556148529052734e-01
2.441822588443756104e-01 2.680464088916778564e-01 1.494232863187789917e-01 1.737122982740402222e-01 1.766466051340103149e-01 1.824164092540740967e-01 2.066940367221832275e-01 2.158792018890380859e-01
2.555337250232696533e-01 2.671016156673431396e-01 1.519141644239425659e-01 1.673640608787536621e-01 1.950239539146423340e-01 1.991381347179412842e-01 2.057869583368301392e-01 2.016285806894302368e-01
1.091737270355224609e+00 1.088911175727844238e+00 1.053984403610229492e+00 1.051784992218017578e+00 9.841431379318237305e-01 9.322144985198974609e-01 1.017383694648742676e+00 9.971991181373596191e-01
1.145071864128112793e+00 1.139962434768676758e+00 1.158987164497375488e+00 1.089220404624938965e+00 1.026395320892333984e+00 1.028108477592468262e+00 1.057027935981750488e+00 1.085246086120605469e+00
2.386373877525329590e-01 2.457374185323715210e-01 1.379441618919372559e-01 1.520096808671951294e-01 2.101091295480728149e-01 1.918277889490127563e-01 2.141433060169219971e-01 1.892189681529998779e-01
2.447661757469177246e-01 2.488053143024444580e-01 1.474490165710449219e-01 1.431435793638229370e-01 1.685280501842498779e-01 1.755483150482177734e-01 2.205586880445480347e-01 1.945799589157104492e-01
2.605689764022827148e-01 2.777684032917022705e-01 1.375892013311386108e-01 1.575502902269363403e-01 1.729751974344253540e-01 1.943622827529907227e-01 2.204491496086120605e-01 2.165525406599044800e-01
1.142664194107055664e+00 1.159466385841369629e+00 1.045905113220214844e+00 1.038183212280273438e+00 1.012204885482788086e+00 9.957137703895568848e-01 1.067444443702697754e+00 1.048038601875305176e+00
2.619578838348388672e-01 2.795757651329040527e-01 1.383774280548095703e-01 1.669290661811828613e-01 1.818290203809738159e-01 1.728356927633285522e-01 2.153566181659698486e-01 2.100958377122879028e-01
1.134211897850036621e+00 1.121168375015258789e+00 1.045811295509338379e+00 1.083709001541137695e+00 9.747702479362487793e-01 9.386930465698242188e-01 1.029309391975402832e+00 1.004286766052246094e+00
2.433778643608093262e-01 2.352848052978515625e-01 1.332919895648956299e-01 1.531347483396530151e-01 1.760421544313430786e-01 1.651228070259094238e-01 2.041854560375213623e-01 1.814928203821182251e-01
1.096864700317382812e+00 1.100051999092102051e+00 9.903376102447509766e-01 9.883210062980651855e-01 9.311150908470153809e-01 9.089861512184143066e-01 1.045266389846801758e+00 9.599444270133972168e-01
2.487925291061401367e-01 2.697531878948211670e-01 1.505082994699478149e-01 1.503766179084777832e-01 1.983652412891387939e-01 1.831521391868591309e-01 2.060096859931945801e-01 2.032185345888137817e-01
